SL 758 1158 32 96
SC 790 1158 32 96
SC 822 1158 32 96
SC 854 1158 32 96
SC 886 1158 32 96
SC 918 1158 32 96
SC 950 1158 32 96
SC 982 1158 32 96
SR 1014 1158 32 96
SL 532 65 32 96
SC 564 65 32 96
SC 596 65 32 96
SC 628 65 32 96
SC 660 65 32 96
SR 692 65 32 96
SL 974 578 32 96
SC 1006 578 32 96
SC 1038 578 32 96
SC 1070 578 32 96
SC 1102 578 32 96
SC 1134 578 32 96
SR 1166 578 32 96
FT 134 490 82 32
FC 134 522 82 32
FC 134 554 82 32
FC 134 586 82 32
FC 134 618 82 32
FC 134 650 82 32
FB 134 682 82 32
FT 1323 528 82 32
FC 1323 560 82 32
FB 1323 592 82 32
FT 1323 656 82 32
FC 1323 688 82 32
FB 1323 720 82 32
