CA 352 321 32 32
H 0 147 96 32
H 96 147 96 32
H 404 147 96 32
H 308 147 96 32
H 404 224 96 32
V 160 0 32 96
V 310 0 32 96
V 322 266 32 96
BbA 418 0 64 64
T 340 0 32 32
C 340 32 32 32
CB 0 0 64 64
SC 64 0 32 39
SC 96 0 32 39
T 128 0 32 32
FU 200 0 96 62
GT 0 65 32 64
P 0 120 25 28
P 450 120 25 28
DK 206 8 12 17
K 0 154 32 32
K 32 154 32 32
KS 64 154 32 32
K 96 154 32 32
K 160 154 32 32
O 128 122 32 64
LT 64 224 96 96
C 30 224 32 32
C 30 288 32 32
C 160 224 32 32
C 160 288 32 32
LSA 340 0 35 35
LA 132 4 20 20
GC 440 168 33 31
LA2 0 158 20 20