V 240 0 32 96 
V 240 160 32 96 
H 272 224 96 32 
H 0 64 96 32 
H 145 64 96 32 
Bb 208 0 32 64
T 335 111 32 32
T 48 154 32 32
T 48 218 32 32
T 80 218 32 32
T 80 154 32 32
C 303 111 32 32
C 368 111 32 32
C 335 144 32 32
BS 335 0 32 64
CB 305 0 32 64
CB 368 0 32 64
NT 0 0 32 32
NC 0 32 32 32
b 334 111 32 20
J 0 0 32 22
K 272 0 32 32
KS 272 256 32 32
K 240 256 32 32
K 304 256 32 32
K 335 256 32 32
CA 176 320 32 32
LS 80 154 35 35
L 46 200 20 20
CHH 0 90 28 31
C 16 154 32 32
C 16 218 32 32
BCK 46 154 32 22