W 0 100 32 32
W 32 120 32 32
W 32 150 32 32
W 127 255 32 32
W 240 279 32 32
W 540 1161 32 32
W 513 1249 32 32
W 210 1141 32 32
W 244 1158 32 32
W 1238 733 32 32
W 1573 798 32 32
W 1012 1088 32 32
W 1077 1048 32 32
W 608 590 32 32
W 682 690 32 32
W 714 706 32 32
W 676 760 32 32
W 840 761 32 32
W 840 676 32 32
W 873 580 32 32
W 932 104 32 32
W 1036 192 32 32
W 1190 246 32 32
W 1326 255 32 32
W 1356 276 32 32
W 1434 227 32 32
W 1070 324 32 32
P 328 367 32 32
P 610 1246 32 32
P 413 1209 32 32
P 942 490 32 32
B 0 150 32 32
B 400 78 32 32
B 307 397 32 32
B 75 763 32 32
B 126 746 32 32
B 708 0 32 32
B 872 200 32 32
B 1512 140 32 32
g 0 182 32 32
g 95 269 32 32
g 206 282 32 32
g 288 254 32 32
g 198 373 32 32
G 110 462 32 32
G 213 436 32 32
G 106 784 32 32
G 275 763 32 32
G 218 904 32 32
G 249 922 32 32
G 104 1217 32 32
G 251 1247 32 32
G 1074 827 32 32
G 1142 764 32 32
G 1521 732 32 32
G 1517 909 32 32
G 1506 992 32 32
G 1286 1197 32 32
G 1295 1134 32 32
G 1043 1087 32 32
G 1014 1246 32 32
G 874 792 32 32
G 575 730 32 32
G 606 556 32 32
G 906 560 32 32
G 910 460 32 32
G 700 462 32 32
G 574 494 32 32
G 700 462 32 32
G 604 557 32 32
G 1484 450 32 32
G 1512 466 32 32
T 0 0 64 64
T 511 0 64 64
T 442 269 64 64
T 264 340 64 64
T 278 433 64 64
T 224 480 64 64
T 0 480 64 64
T 0 710 64 64
T 240 710 64 64
T 300 762 64 64
T 0 1129 64 64
T 270 1199 64 64
T 345 1213 64 64
T 349 1139 64 64
T 448 1186 64 64
T 471 1113 64 64
T 542 1200 64 64
T 618 1133 64 64
T 1009 1024 64 64
T 1544 1218 64 64
T 1165 910 64 64
T 1252 874 64 64
T 1421 902 64 64
T 1456 839 64 64
T 1518 844 64 64
T 1555 725 64 64
T 1271 725 64 64
T 1180 725 64 64
T 1074 762 64 64
T 650 710 64 64
T 675 760 64 64
T 740 760 64 64
T 802 760 64 64
T 876 728 64 64
T 600 668 64 64
T 550 570 64 64
T 550 640 64 64
T 550 498 64 64
T 604 460 64 64
T 640 428 64 64
T 675 397 64 64
T 742 396 64 64
T 808 397 64 64
T 845 432 64 64
T 888 492 64 64
T 940 523 64 64
T 939 658 64 64
T 742 137 64 64
T 808 134 64 64
T 808 192 64 64
T 1420 430 64 64
T 1480 387 64 64
T 1540 430 64 64
T 1454 144 64 64
T 1474 80 64 64
T 1540 65 64 64
T 1540 130 64 64