L 572 0 32 32
W 604 0 40 32
W 639 0 40 32
L 572 32 32 32
L 572 64 32 32
L 572 96 32 32
L 572 128 32 32
LTC 572 160 32 32
T 540 160 32 32
LT 508 160 32 32
L 508 192 32 32
L 508 224 32 32
L 508 256 32 32
L 508 288 32 32
LTC 508 320 32 32
LT 476 320 32 32
LTC 476 352 32 32
T 444 352 32 32
T 412 352 32 32
LT 380 352 32 32
L 380 384 32 32
LTC 380 416 32 32
LT 348 416 32 32
L 348 448 32 32
LTC 348 480 32 32
LT 316 480 32 32
L 316 512 32 32
LTC 316 544 32 32
T 284 544 32 32
T 252 544 32 32
T 220 544 32 32
T 188 544 32 32 
T 156 544 32 32 
T 124 544 32 32 
T 92 544 32 32 
T 60 544 32 32
T 28 544 32 32
T 0 544 32 32
B 0 640 32 32
B 32 640 32 32
B 64 640 32 32
B 96 640 32 32
B 128 640 32 32
B 160 640 32 32
B 192 640 32 32
B 224 640 32 32
B 256 640 32 32
LBC 288 640 32 32
LB 288 672 32 32
LBC 320 672 32 32
LB 320 704 32 32
LBC 352 704 32 32
L 352 736 32 32
L 352 768 32 32
L 352 800 32 32
LB 352 832 32 32
LBC 384 832 32 32
LB 384 864 32 32
LBC 416 864 32 32
LB 416 896 32 32
LBC 448 896 32 32
LB 448 928 32 32
LBC 480 928 32 32
LB 480 960 32 32
B 512 960 32 32
B 544 960 32 32
B 576 960 32 32
B 608 960 32 32
B 640 960 32 32
B 672 960 32 32
LBC 704 960 32 32
LB 704 992 45 32
LBC 745 992 32 32
LB 745 1024 32 32
W 777 992 32 32
LBC 777 1024 32 32
L 777 1056 32 32
L 777 1088 32 32
L 777 1120 32 32
L 777 1152 32 32
L 777 1184 32 32
L 777 1216 32 32
L 777 1248 32 32
R 668 0 32 32
R 668 32 32 32
R 668 64 32 32
R 668 96 32 32
R 668 128 32 32
RTC 668 160 32 32
RT 700 160 32 32
RTC 700 192 32 32
RT 732 192 32 32
RTC 732 224 32 32
RT 764 224 32 32
RTC 764 256 32 32
T 796 256 32 32
T 828 256 32 32
T 860 256 32 32
T 892 256 32 32
RT 924 256 32 32
R 924 288 32 32
R 924 320 32 32
RTC 924 352 32 32
T 956 352 32 32
T 988 352 32 32
T 1020 352 32 32
T 1052 352 32 32
RT 1084 352 32 32
R 1084 384 32 32
R 1084 416 32 32
RTC 1084 448 32 32
RT 1116 448 32 32
RTC 1116 480 32 32
RT 1148 480 32 32
R 1148 512 32 32
RTC 1148 544 32 32
T 1180 544 32 32
T 1212 544 32 32
T 1244 544 32 32
T 1276 544 32 32
T 1308 544 32 32
T 1340 544 32 32
T 1372 544 32 32
T 1404 544 32 32
T 1436 544 32 32
T 1468 544 32 32
T 1500 544 32 32
T 1532 544 32 32
T 1564 544 32 32
T 1596 544 32 32
B 1180 576 32 32
B 1212 576 32 32
B 1244 576 32 32
B 1276 576 32 32
B 1308 576 32 32
B 1340 576 32 32
B 1372 576 32 32
B 1404 576 32 32
B 1436 576 32 32
B 1468 576 32 32
B 1500 576 32 32
B 1532 576 32 32
B 1564 576 32 32
B 1596 576 32 32
RBC 1148 576 32 32
R 1148 608 32 32
R 1148 640 32 32
RTC 1148 672 32 32
T 1180 672 32 32
T 1212 672 32 32
T 1244 672 32 32
T 1276 672 32 32
T 1308 672 32 32
T 1340 672 32 32
T 1372 672 32 32
T 1404 672 32 32
T 1436 672 32 32
T 1468 672 32 32
T 1500 672 32 32
T 1532 672 32 32
T 1564 672 32 32
T 1596 672 32 32
B 1180 702 32 32
B 1212 702 32 32
B 1244 702 32 32
B 1276 702 32 32
B 1308 702 32 32
B 1340 702 32 32
B 1372 702 32 32
B 1404 702 32 32
B 1436 702 32 32
B 1468 702 32 32
B 1500 702 32 32
B 1532 702 32 32
B 1564 702 32 32
B 1596 702 32 32
B 1148 702 32 32
B 1116 702 32 32
RBC 1084 702 32 32
RB 1084 734 32 32
RBC 1052 734 32 32 
R 1052 766 32 32
R 1052 798 32 32
R 1052 830 32 32
R 1052 862 32 32
R 1052 894 32 32
R 1052 926 32 32
R 1052 958 32 32
RB 1052 990 32 32
RBC 1020 990 32 32
RB 1020 1022 32 32
RBC 988 1022 32 32
R 988 1054 32 32
R 988 1086 32 32
R 988 1118 32 32
R 988 1150 32 32
R 988 1182 32 32
R 988 1214 32 32
R 988 1246 32 32
L 988 608 32 32
L 988 576 32 32
L 988 640 32 32
L 988 672 32 32
L 988 704 32 32
LTC 988 736 32 32
LT 956 736 32 32
LTC 956 768 32 32
LT 924 768 32 32
LTC 924 800 32 32
LT 892 800 32 32
LTC 892 832 32 32
T 860 832 32 32
T 828 832 32 32
T 796 832 32 32
T 764 832 32 32
T 732 832 32 32
T 700 832 32 32
RTC 668 832 32 32
RT 668 800 32 32
RTC 636 800 32 32
RT 636 768 32 32
RTC 604 768 32 32
RT 604 736 32 32
RTC 572 736 32 32
RT 572 704 32 32
RTC 540 704 32 32
R 540 672 32 32
R 540 640 32 32
R 540 608 32 32
R 540 576 32 32
R 540 544 32 32
R 540 512 32 32
RBC 540 480 32 32
RB 572 480 32 32
RBC 572 448 32 32
RB 604 448 32 32
RBC 604 416 32 32
RB 636 416 32 32
RBC 636 384 32 32
B 668 384 32 32
B 700 384 32 32
B 732 384 32 32
B 764 384 32 32
B 796 384 32 32
B 828 384 32 32
B 860 384 32 32
LBC 892 384 32 32
LB 892 416 32 32
LBC 924 416 32 32
LB 924 448 32 32
LBC 956 448 32 32
LB 956 480 32 32
LBC 988 480 32 32
L 988 512 32 32
L 988 544 32 32
W 604 32 40 40
W 604 64 40 40
W 604 96 40 40
W 604 128 40 40
W 604 160 40 40
W 604 192 40 40
W 604 224 40 40
W 604 256 40 40
W 604 288 40 40
W 604 320 40 40
W 604 352 40 40
W 639 0 40 40
W 639 32 40 40
W 639 64 40 40
W 639 96 40 40
W 639 128 40 40
W 639 160 40 40
W 639 192 40 40
W 639 224 40 40
W 639 256 40 40
W 639 288 40 40
W 639 320 40 40
W 639 352 40 40
W 0 576 40 40
W 32 576 40 40
W 64 576 40 40
W 96 576 40 40
W 128 576 40 40
W 160 576 40 40
W 192 576 40 40
W 224 576 40 40
W 256 576 40 40
W 288 576 40 40
W 320 576 40 40
W 358 576 40 40
W 348 544 40 40
W 348 512 40 40
W 378 576 40 40
W 378 544 40 40
W 378 512 40 40
W 378 480 40 40
W 378 448 40 40
W 378 430 40 30
W 410 576 40 40
W 410 544 40 40
W 410 512 40 40
W 410 480 40 40
W 410 448 40 40
W 410 416 40 40
W 410 384 40 40
W 448 576 40 40
W 448 544 40 40
W 448 512 40 40
W 448 480 40 40
W 448 448 40 40
W 448 416 40 40
W 448 384 40 40
W 480 576 40 40
W 480 544 40 40
W 480 512 40 40
W 480 480 40 40
W 480 448 40 40
W 480 416 40 40
W 480 384 40 40
W 500 576 40 40
W 500 544 40 40
W 500 512 40 40
W 500 480 40 40
W 500 448 40 40
W 500 416 40 40
W 500 384 40 40
W 500 352 40 40
W 0 608 40 40
W 32 608 40 40
W 64 608 40 40
W 96 608 40 40
W 128 608 40 40
W 160 608 40 40
W 192 608 40 40
W 224 608 40 40
W 256 608 40 40
W 288 608 40 40
W 320 608 40 40
W 320 640 40 40
W 352 608 40 40
W 352 640 40 40
W 352 672 40 40
W 384 608 40 40
W 384 640 40 40
W 384 672 40 40
W 384 704 40 40
W 384 736 40 40
W 384 768 40 40
W 384 792 40 40
W 416 608 40 40
W 416 640 40 40
W 416 672 40 40
W 416 704 40 40
W 416 736 40 40
W 416 768 40 40
W 416 800 40 40
W 416 832 40 40
W 448 608 40 40
W 448 640 40 40
W 448 672 40 40
W 448 704 40 40
W 448 736 40 40
W 448 768 40 40
W 448 800 40 40
W 448 832 40 40
W 448 864 40 40
W 480 608 50 40
W 480 640 40 40
W 480 672 40 40
W 480 704 40 40
W 480 736 40 40
W 480 768 40 40
W 480 800 40 40
W 480 832 40 40
W 480 864 40 40
W 480 896 40 40
W 500 608 40 40
W 500 640 40 40
W 500 672 40 40
W 500 704 40 40
W 500 736 40 40
W 500 768 40 40
W 500 800 40 40
W 500 832 40 40
W 500 864 40 40
W 500 896 40 40
W 500 928 40 40
W 572 192 32 40
W 572 224 40 40
W 572 256 40 40
W 572 288 40 40
W 572 320 40 40
W 572 352 40 40
W 572 384 40 40
W 604 384 40 40
W 572 416 40 40
W 540 192 40 40
W 540 224 40 40
W 540 256 40 40
W 540 288 40 40
W 540 320 40 40
W 540 352 40 40
W 540 384 40 40
W 540 416 40 40
W 540 442 40 40
W 678 192 32 32
W 678 224 32 32
W 710 224 32 32
W 678 256 32 32
W 710 256 32 32
W 742 256 32 32
W 678 288 32 32
W 710 288 32 32
W 742 288 32 32
W 774 288 32 32
W 806 288 32 32
W 838 288 32 32
W 870 288 32 32
W 902 288 32 32
W 678 320 32 32
W 710 320 32 32
W 742 320 32 32
W 774 320 32 32
W 806 320 32 32
W 838 320 32 32
W 870 320 32 32
W 902 320 32 32
W 678 352 32 32
W 710 352 32 32
W 742 352 32 32
W 774 352 32 32
W 806 352 32 32
W 838 352 32 32
W 870 352 32 32
W 902 352 32 32
W 902 384 32 32
W 934 384 32 32
W 966 384 32 32
W 998 384 32 32
W 1030 384 32 32
W 1062 384 32 32
W 1062 416 32 32
W 1030 416 32 32
W 1062 416 32 32
W 998 416 32 32
W 966 416 32 32
W 934 416 32 32
W 966 448 32 32
W 998 448 32 32
W 1030 448 32 32
W 1062 448 32 32
W 998 480 32 32
W 998 512 32 32
W 998 544 32 32
W 998 576 32 32
W 998 608 32 32
W 998 640 32 32
W 998 672 32 32
W 998 704 32 32
W 998 736 50 32
W 998 768 50 32
W 998 800 50 32
W 998 832 50 32
W 998 864 50 32
W 998 896 50 32
W 998 928 50 32
W 998 960 50 32
W 998 992 50 32
W 998 1024 50 32
W 1030 480 32 32
W 1030 512 32 32
W 1030 544 32 32
W 1030 576 32 32
W 1030 608 32 32
W 1030 640 32 32
W 1030 672 32 32
W 1030 704 32 32
W 1030 736 32 32
W 1030 768 32 32
W 1030 800 32 32
W 1030 832 32 32
W 1030 864 32 32
W 1030 896 32 32
W 1030 928 32 32
W 1030 960 32 32
W 1030 992 32 32
W 1030 1024 32 32
W 1062 480 32 32
W 1062 512 32 32
W 1062 544 32 32
W 1062 576 32 32
W 1062 608 32 32
W 1062 640 32 32
W 1062 672 32 32
W 1062 704 32 32
W 1094 480 32 32
W 1094 512 32 32
W 1094 544 32 32
W 1094 576 32 32
W 1094 608 32 32
W 1094 640 32 32
W 1094 672 32 32
W 1126 512 32 32
W 1126 544 32 32
W 1126 576 32 32
W 1126 608 32 32
W 1126 640 32 32
W 1126 672 32 32
W 966 1024 55 32
W 934 1024 55 32
W 902 1024 55 32
W 870 1024 55 32
W 838 1024 55 32
W 806 1024 55 32
W 806 1056 55 32
W 806 1088 55 32
W 806 1120 55 32
W 806 1152 55 32
W 806 1184 55 32
W 806 1216 55 32
W 806 1248 55 32
W 806 1024 55 32
W 806 992 55 32
W 806 960 55 32
W 806 928 55 32
W 806 896 55 32
W 806 864 55 32
W 838 1024 55 32
W 838 1056 55 32
W 838 1088 55 32
W 838 1120 55 32
W 838 1152 55 32
W 838 1184 55 32
W 838 1216 55 32
W 838 1248 55 32
W 838 1024 55 32
W 838 992 55 32
W 838 960 55 32
W 838 928 55 32
W 838 896 55 32
W 838 864 55 32
W 870 1024 55 32
W 870 1056 55 32
W 870 1088 55 32
W 870 1120 55 32
W 870 1152 55 32
W 870 1184 55 32
W 870 1216 55 32
W 870 1248 55 32
W 870 1024 55 32
W 870 992 55 32
W 870 960 55 32
W 870 928 55 32
W 870 896 55 32
W 870 864 55 32
W 902 1024 55 32
W 902 1056 55 32
W 902 1088 55 32
W 902 1120 55 32
W 902 1152 55 32
W 902 1184 55 32
W 902 1216 55 32
W 902 1248 55 32
W 902 1024 55 32
W 902 992 55 32
W 902 960 55 32
W 902 928 55 32
W 902 896 55 32
W 902 864 55 32
W 934 1024 55 32
W 934 1056 55 32
W 934 1088 55 32
W 934 1120 55 32
W 934 1152 55 32
W 934 1184 55 32
W 934 1216 55 32
W 934 1248 55 32
W 934 1024 55 32
W 934 992 55 32
W 934 960 55 32
W 934 928 55 32
W 934 896 55 32
W 934 864 55 32
W 966 864 32 32
W 966 896 32 32
W 966 928 32 32
W 966 960 32 32
W 966 992 32 32
W 966 832 55 32
W 944 832 55 32
W 955 800 55 32
W 933 800 32 32
W 966 768 32 32
W 922 832 32 32
W 796 864 32 32
W 764 864 32 32
W 732 864 32 32
W 700 864 32 32
W 668 864 32 32
W 636 864 32 32
W 604 864 32 32
W 572 864 32 32
W 540 864 32 32
W 796 896 32 32
W 764 896 32 32
W 732 896 32 32
W 700 896 32 32
W 668 896 32 32
W 636 896 32 32
W 604 896 32 32
W 572 896 32 32
W 540 896 32 32
W 796 928 32 32
W 764 928 32 32
W 732 928 32 32
W 700 928 32 32
W 668 928 32 32
W 636 928 32 32
W 604 928 32 32
W 572 928 32 32
W 540 928 32 32
W 796 960 32 32
W 764 960 32 32
W 732 960 32 32
W 604 768 32 32
W 572 768 32 32
W 540 768 32 32
W 604 800 32 32
W 572 800 32 32
W 540 800 32 32
W 604 832 32 32
W 572 832 32 32
W 540 832 32 32
W 540 736 32 32
W 636 832 32 32